2 + 2
alpha <- 2 + 2


